{
  "metadata": {
    "language_info": {
      "codemirror_mode": {
        "name": "python",
        "version": 3
      },
      "file_extension": ".py",
      "mimetype": "text/x-python",
      "name": "python",
      "nbconvert_exporter": "python",
      "pygments_lexer": "ipython3",
      "version": "3.8"
    },
    "kernelspec": {
      "name": "python",
      "display_name": "Python (Pyodide)",
      "language": "python"
    }
  },
  "nbformat_minor": 4,
  "nbformat": 4,
  "cells": [
    {
      "cell_type": "code",
      "source": "#1 Створіть одновимірний масив (вектор) зі зменшувальною арифметичною послідовністю, де кожне наступне число менше попереднього на 4, \n#починаючи з 50, та виведіть його значення. \nvector1 = [x for x in range(50, -1, -4)]\nprint(vector1)",
      "metadata": {
        "trusted": true
      },
      "execution_count": 12,
      "outputs": [
        {
          "name": "stdout",
          "text": "[50, 46, 42, 38, 34, 30, 26, 22, 18, 14, 10, 6, 2]\n",
          "output_type": "stream"
        }
      ]
    },
    {
      "cell_type": "code",
      "source": "#2 Створіть двовимірний масив (матрицю) розміром 3x3, заповніть його значеннями суми добутків кожного числа на його попереднє, \n#починаючи з 1, та виведіть його значення. \nmatrix = [[0, 0, 0], [0, 0, 0], [0, 0, 0]]\nfor i in range(3):\n    for j in range(3):\n        if j == 0:\n            matrix[i][j] = i + 1\n        else:\n            matrix[i][j] = matrix[i][j - 1] * (i + 1)\n\n# Виводимо матрицю\nfor row in matrix:\n    print(row)",
      "metadata": {
        "trusted": true
      },
      "execution_count": 23,
      "outputs": [
        {
          "name": "stdout",
          "text": "[1, 1, 1]\n[2, 4, 8]\n[3, 9, 27]\n",
          "output_type": "stream"
        }
      ]
    },
    {
      "cell_type": "code",
      "source": "#3 Створіть масив розміром 9x9, заповніть його випадковими цілими числами в діапазоні від -100 до 100 та знайдіть мінімальний елемент. \nimport numpy as np\nmatrix = np.random.randint(-100, 101, (9, 9))\nmin_element = np.min(matrix)\nprint(\"Матриця:\")\nprint(matrix)\nprint(\"Мінімальний елемент:\", min_element)",
      "metadata": {
        "trusted": true
      },
      "execution_count": 24,
      "outputs": [
        {
          "name": "stdout",
          "text": "Матриця:\n[[-98 -33  63  18  38  87  30  -3 -79]\n [  5 -67 -68  57 -24 -27 -39  25 -26]\n [ 27 -30 -94 -10 -99 -35 -80  87  51]\n [ 62 -20 -48  98 -40  27  32  90  -3]\n [-24  49  16 -33 -75 -54  73  53 -20]\n [ -5  97 -26  79   4  49 -43 -23 -92]\n [-23 -77  22   9  37  21  87   7  73]\n [-71 -34   3  19  16 -29  72 -83  46]\n [-62 -27  24 -36  28 -23 -20 -76  25]]\nМінімальний елемент: -99\n",
          "output_type": "stream"
        }
      ]
    },
    {
      "cell_type": "code",
      "source": "#4 Створіть масив розміром 6x6, заповніть його випадковими дійсними числами в діапазоні від 0 до 1 та обчисліть добуток елементів, що менше 0.2. \nimport numpy as np\narray = np.random.rand(6, 6)\narray = np.round(array, 5)\nprint(\"Масив:\")\nprint(array)\nresult = np.prod(array[array < 0.2])\nprint(\"Добуток елементів, менших за 0.2:\", result)",
      "metadata": {
        "trusted": true
      },
      "execution_count": 44,
      "outputs": [
        {
          "name": "stdout",
          "text": "Масив:\n[[0.79911 0.52129 0.2353  0.99596 0.91942 0.97232]\n [0.7113  0.00174 0.75817 0.4916  0.94742 0.26853]\n [0.30971 0.91783 0.3258  0.68605 0.94209 0.63717]\n [0.60899 0.26043 0.66735 0.21315 0.76546 0.42925]\n [0.15741 0.98623 0.63845 0.71021 0.14511 0.67016]\n [0.94513 0.0742  0.19392 0.09883 0.56251 0.1366 ]]\nДобуток елементів, менших за 0.2: 7.720490835524156e-09\nДобуток елементів, менших за 0.2: 1e-08\n",
          "output_type": "stream"
        }
      ]
    },
    {
      "cell_type": "code",
      "source": "#5 Створіть два одновимірних масиви розміром 4, заповніть їх випадковими дійсними числами від 0 до 1 \n#та виконайте на них поелементні операції додавання, віднімання та множення. \nimport numpy as np\narray1 = np.random.rand(4)\narray2 = np.random.rand(4)\nprint(\"Перший масив:\", array1)\nprint(\"Другий масив:\", array2)\ndodavannya_result = array1 + array2\nprint(\"Результат додавання:\", dodavannya_result)\nvidnimannya_result = array1 - array2\nprint(\"Результат віднімання:\", vidnimannya_result)\nmnozhennya_result = array1 * array2\nprint(\"Результат множення:\", mnozhennya_result)",
      "metadata": {
        "trusted": true
      },
      "execution_count": 45,
      "outputs": [
        {
          "name": "stdout",
          "text": "Перший масив: [0.73313392 0.52846835 0.26184649 0.50414293]\nДругий масив: [0.0411962  0.47731914 0.6830528  0.8441241 ]\nРезультат додавання: [0.77433012 1.00578749 0.94489928 1.34826703]\nРезультат віднімання: [ 0.69193771  0.05114921 -0.42120631 -0.33998117]\nРезультат множення: [0.03020233 0.25224806 0.17885497 0.42555919]\n",
          "output_type": "stream"
        }
      ]
    },
    {
      "cell_type": "code",
      "source": "#6 Створіть два вектори розміром 4, заповніть їх довільними дійсними числами та знайдіть їх скалярний добуток. \nimport numpy as np\nvector1 = np.array([1.2, 2.4, 3.6, 4.8])\nvector2 = np.array([0.5, 1.0, 1.5, 2.0])\nscalar_dobutok = np.dot(vector1, vector2)\nprint(\"Скалярний добуток двох векторів:\", scalar_dobutok)",
      "metadata": {
        "trusted": true
      },
      "execution_count": 47,
      "outputs": [
        {
          "name": "stdout",
          "text": "Скалярний добуток двох векторів: 18.0\n",
          "output_type": "stream"
        }
      ]
    },
    {
      "cell_type": "code",
      "source": "#7 Створіть дві матриці розміром 2x3 та 3x3, заповніть їх випадковими цілими числами в діапазоні від 1 до 10 та перемножте їх між собою. \nimport numpy as np\nmatrix1 = np.random.randint(1, 11, (2, 3))\nmatrix2 = np.random.randint(1, 11, (3, 3))\n\n# Виведення згенерованих матриць\nprint(\"Перша матриця:\")\nprint(matrix1)\nprint(\"Друга матриця:\")\nprint(matrix2)\n\n# Перемноження матриць\nresult_matrix = np.dot(matrix1, matrix2)\n\n# Виведення результату\nprint(\"Результат перемноження матриць:\")\nprint(result_matrix)",
      "metadata": {
        "trusted": true
      },
      "execution_count": 48,
      "outputs": [
        {
          "name": "stdout",
          "text": "Перша матриця:\n[[ 6 10  4]\n [ 4  5  6]]\nДруга матриця:\n[[ 5  5  3]\n [ 6  9  3]\n [10  9  1]]\nРезультат перемноження матриць:\n[[130 156  52]\n [110 119  33]]\n",
          "output_type": "stream"
        }
      ]
    },
    {
      "cell_type": "code",
      "source": "#8 Створіть матрицю розміром 3x3, заповніть її випадковими цілими числами в діапазоні від 1 до 8 та знайдіть її обернену матрицю. \nimport numpy as np\nmatrix = np.random.randint(1, 9, (3, 3))\nprint(\"Початкова матриця:\")\nprint(matrix)\n\n# Знаходження оберненої матриці\ninverse_matrix = np.linalg.inv(matrix)\nprint(\"Обернена матриця:\")\nprint(inverse_matrix)",
      "metadata": {
        "trusted": true
      },
      "execution_count": 50,
      "outputs": [
        {
          "name": "stdout",
          "text": "Початкова матриця:\n[[7 1 8]\n [1 7 1]\n [7 3 6]]\nОбернена матриця:\n[[-0.41489362 -0.19148936  0.58510638]\n [-0.0106383   0.14893617 -0.0106383 ]\n [ 0.4893617   0.14893617 -0.5106383 ]]\n",
          "output_type": "stream"
        }
      ]
    },
    {
      "cell_type": "code",
      "source": "#9 Створіть матрицю розміром 8x8, заповніть її випадковими дійсними числами в діапазоні від 50 до 100 та транспонуйте її. \nimport numpy as np\nmatrix = np.random.uniform(50, 100, (8, 8))\nprint(\"Початкова матриця:\")\nprint(matrix)\n\n# Транспонування матриці\ntransposed_matrix = np.transpose(matrix)\nprint(\"\\nТранспонована матриця:\")\nprint(transposed_matrix)",
      "metadata": {
        "trusted": true
      },
      "execution_count": 51,
      "outputs": [
        {
          "name": "stdout",
          "text": "Початкова матриця:\n[[77.6639751  78.21618752 95.68536932 78.48204128 66.34710689 78.59611958\n  95.45914686 52.76832915]\n [88.96613583 84.20895856 56.82937467 62.94615022 68.70334991 81.23483366\n  93.49126758 98.85699465]\n [56.44004372 67.28689306 75.27237967 52.60661857 99.02283471 68.32245058\n  66.47351179 80.84980051]\n [79.54237535 59.40060254 58.72274027 75.52299177 79.40119772 52.82876508\n  95.11684936 66.54893642]\n [52.19688302 69.86371881 91.44834683 74.13891777 86.77337362 87.92289273\n  87.52526779 51.07203035]\n [99.59211822 79.53883192 99.181283   81.8399266  82.15893003 87.92954512\n  88.29267289 68.2438942 ]\n [94.09695593 95.81203503 76.58934869 76.31381869 54.65820138 97.90798687\n  98.9429199  63.7571899 ]\n [78.27596336 51.51838941 72.84445678 82.04172948 90.16387715 78.93153725\n  85.49358044 54.35433645]]\n\nТранспонована матриця:\n[[77.6639751  88.96613583 56.44004372 79.54237535 52.19688302 99.59211822\n  94.09695593 78.27596336]\n [78.21618752 84.20895856 67.28689306 59.40060254 69.86371881 79.53883192\n  95.81203503 51.51838941]\n [95.68536932 56.82937467 75.27237967 58.72274027 91.44834683 99.181283\n  76.58934869 72.84445678]\n [78.48204128 62.94615022 52.60661857 75.52299177 74.13891777 81.8399266\n  76.31381869 82.04172948]\n [66.34710689 68.70334991 99.02283471 79.40119772 86.77337362 82.15893003\n  54.65820138 90.16387715]\n [78.59611958 81.23483366 68.32245058 52.82876508 87.92289273 87.92954512\n  97.90798687 78.93153725]\n [95.45914686 93.49126758 66.47351179 95.11684936 87.52526779 88.29267289\n  98.9429199  85.49358044]\n [52.76832915 98.85699465 80.84980051 66.54893642 51.07203035 68.2438942\n  63.7571899  54.35433645]]\n",
          "output_type": "stream"
        }
      ]
    },
    {
      "cell_type": "code",
      "source": "#10 Створіть матрицю розміром 3x4 та вектор розміром 4, заповніть матрицю випадковими дійсними числами від 0 до 1, \n#а вектор - випадковими цілими числами в діапазоні від 1 до 10, і знайдіть суму додатних елементів отриманого вектору. \nimport numpy as np\nmatrix = np.random.rand(3, 4)\nvector = np.random.randint(1, 11, 4)\nprint(\"Матриця:\")\nprint(matrix)\nprint(\"Вектор:\")\nprint(vector)\n\n# Cумa додатних елементів вектора\npositive_elements = vector[vector > 0]\nsum_positive_elements = np.sum(positive_elements)\nprint(\"Сума додатних елементів вектора:\", sum_positive_elements)",
      "metadata": {
        "trusted": true
      },
      "execution_count": 53,
      "outputs": [
        {
          "name": "stdout",
          "text": "Матриця:\n[[0.24260053 0.26859939 0.94113109 0.05273915]\n [0.65342747 0.14775887 0.16274331 0.10808184]\n [0.10961706 0.49985113 0.48174503 0.78137911]]\nВектор:\n[9 6 5 6]\nСума додатних елементів вектора: 26\n",
          "output_type": "stream"
        }
      ]
    },
    {
      "cell_type": "code",
      "source": "#11 Створіть матрицю розміром 2x3 та вектор розміром 3, заповніть матрицю випадковими цілими числами в діапазоні від 1 до 10, \n#а вектор - випадковими дійсними числами від 0 до 1, і знайдіть суму елементів матриці, які більше середнього значення матриці. \nimport numpy as np\nmatrix = np.random.randint(1, 11, (2, 3))\nvector = np.random.rand(3)\nprint(\"Матриця:\")\nprint(matrix)\nprint(\"Вектор:\")\nprint(vector)\n\n# Середнього значення матриці\nmean_matrix = np.mean(matrix)\n\n# Сума елементів матриці, які більше середнього значення\nsum_above_mean = np.sum(matrix[matrix > mean_matrix])\n\n# Середнє значення та сума елементів, які більше середнього значення\nprint(\"Середнє значення матриці:\", mean_matrix)\nprint(\"Сума елементів матриці, більших за середнє значення:\", sum_above_mean)",
      "metadata": {
        "trusted": true
      },
      "execution_count": 55,
      "outputs": [
        {
          "name": "stdout",
          "text": "Матриця:\n[[9 5 2]\n [2 8 2]]\nВектор:\n[0.31900037 0.25007652 0.89749095]\nСереднє значення матриці: 4.666666666666667\nСума елементів матриці, більших за середнє значення: 22\n",
          "output_type": "stream"
        }
      ]
    },
    {
      "cell_type": "code",
      "source": "#12 Створіть дві матриці розміром 5x5, заповніть їх випадковими цілими числами в діапазоні від 1 до 10 та \n#знайдіть відношення всіх елементів першої матриці до відповідних елементів другої матриці (поелементне ділення). \nimport numpy as np\nmatrix1 = np.random.randint(1, 11, (5, 5))\nmatrix2 = np.random.randint(1, 11, (5, 5))\nprint(\"Матриця 1:\")\nprint(matrix1)\nprint(\"Матриця 2:\")\nprint(matrix2)\n\n# Пелементне ділення\nresult_matrix = matrix1 / matrix2\nprint(\"Поелементне ділення : \")\nprint(result_matrix)",
      "metadata": {
        "trusted": true
      },
      "execution_count": 56,
      "outputs": [
        {
          "name": "stdout",
          "text": "Перша матриця:\n[[ 5  3  1  9  2]\n [ 3  6  9  4  3]\n [10 10  4  4  3]\n [10  9  2  3  9]\n [ 8  5  9  6  7]]\nДруга матриця:\n[[ 2  5  5  7  8]\n [ 4  5  9 10  8]\n [ 9  1  9 10  2]\n [ 9  6  1  3  9]\n [ 6  2  5  3  5]]\nПоелементне ділення : \n[[ 2.5         0.6         0.2         1.28571429  0.25      ]\n [ 0.75        1.2         1.          0.4         0.375     ]\n [ 1.11111111 10.          0.44444444  0.4         1.5       ]\n [ 1.11111111  1.5         2.          1.          1.        ]\n [ 1.33333333  2.5         1.8         2.          1.4       ]]\n",
          "output_type": "stream"
        }
      ]
    },
    {
      "cell_type": "code",
      "source": "#13 Створіть дві матриці розміром 4x4, заповніть їх випадковими цілими числами в діапазоні від -10 до 10 та знайдіть різницю їх елементів. \nimport numpy as np\nmatrix1 = np.random.randint(-10, 11, (4, 4))\nmatrix2 = np.random.randint(-10, 11, (4, 4))\nprint(\"Матриця 1:\")\nprint(matrix1)\nprint(\"Матриця 2:\")\nprint(matrix2)\nresult_matrix = matrix1 - matrix2\nprint(\"Результат (різниця елементів матриць):\")\nprint(result_matrix)",
      "metadata": {
        "trusted": true
      },
      "execution_count": 57,
      "outputs": [
        {
          "name": "stdout",
          "text": "Матриця 1:\n[[  3   7   2   4]\n [ -3   4 -10   5]\n [ -6   9   0   5]\n [ -7  -6 -10   3]]\nМатриця 2:\n[[-4 -8  5  0]\n [ 2 -9  3  4]\n [-1 -7  7 10]\n [-4  3 10 -2]]\nРезультат (різниця елементів матриць):\n[[  7  15  -3   4]\n [ -5  13 -13   1]\n [ -5  16  -7  -5]\n [ -3  -9 -20   5]]\n",
          "output_type": "stream"
        }
      ]
    },
    {
      "cell_type": "code",
      "source": "#14 Створіть матрицю розміром 10x10, заповніть її випадковими цілими числами в діапазоні від 1 до 100 \n#та знайдіть суму елементів матриці, які менше за їх середнє арифметичне значення. \nimport numpy as np\nmatrix = np.random.randint(1, 101, (10, 10))\nprint(\"Матриця:\")\nprint(matrix)\nmean_value = np.mean(matrix)\n\n# Сума елементів, які менше за середнє арифметичне значення\nsum_below_mean = np.sum(matrix[matrix < mean_value])\n\n# Середнє арифметичне значення та сума елементів, які менше за нього\nprint(\"Середнє арифметичне значення матриці:\", mean_value)\nprint(\"Сума елементів, які менше за середнє значення:\", sum_below_mean)",
      "metadata": {
        "trusted": true
      },
      "execution_count": 58,
      "outputs": [
        {
          "name": "stdout",
          "text": "Матриця:\n[[ 7 36 72  1 57 69 98 97 30 64]\n [ 3 20 32 37 94 86 57 57 35 83]\n [29 40  3 54 36  1  8 88 26 28]\n [78  5 29 17 98 55 29 31  8 32]\n [19 72 19 89 42 17 53 29 24 71]\n [37 62 89 60 28 46 67 53 32 22]\n [68 71 14  4 68 55 77 31 60 60]\n [24 50 60 78 90 39 23 45 95 75]\n [61 63  5 68  2 43 26 95 80 28]\n [30 58 79 95 96 53 99 49 65 16]]\nСереднє арифметичне значення матриці: 48.59\nСума елементів, які менше за середнє значення: 1168\n",
          "output_type": "stream"
        }
      ]
    },
    {
      "cell_type": "code",
      "source": "#15 Створіть матрицю розміром 6x6, заповніть її випадковими дійсними числами в діапазоні від -2 до 2 та \n#знайдіть вектор-стовпчик, що містить середнє гармонічне значення елементів кожного рядка матриці. \nimport numpy as np\nmatrix = np.random.uniform(-2, 2, (6, 6))\nprint(\"Матриця:\")\nprint(matrix)\nprint (\"Cереднє гармонічне значення елементів кожного рядка матриці\")\nharmonic_means = np.apply_along_axis(lambda x: len(x) / np.sum(1.0 / x), axis=1, arr=matrix)\nprint (\"Cереднє гармонічне значення елементів кожного рядка матриці\")\nharmonic_means = harmonic_means[:, np.newaxis]\nprint(\"\\nВектор-стовпчик з середніми гармонічними значеннями:\")\nprint(harmonic_means)",
      "metadata": {
        "trusted": true
      },
      "execution_count": 59,
      "outputs": [
        {
          "name": "stdout",
          "text": "Матриця:\n[[ 0.28012862  1.18238449  1.03949447  1.93977284  0.11127041 -1.89108301]\n [-1.65441274  1.34506891  0.54243133  1.55669788  1.44191094  0.89183805]\n [-1.71473811  1.31426839  1.30775037 -0.01850714 -1.86463966 -0.79063202]\n [ 1.5806079  -0.95919627  1.64074641 -0.67002892  1.72069694  1.90745311]\n [ 1.76278026  0.9204312  -1.36302466 -0.23383323 -0.10908597  0.55507539]\n [ 1.56807159  1.51094215  1.45640534 -1.1674846  -0.60360425  1.49071261]]\nCереднє гармонічне значення елементів кожного рядка матриці\nCереднє гармонічне значення елементів кожного рядка матриці\n\nВектор-стовпчик з середніми гармонічними значеннями:\n[[  0.4180781 ]\n [  1.35142656]\n [ -0.10930566]\n [-32.00912375]\n [ -0.55959675]\n [ 41.73917413]]\n",
          "output_type": "stream"
        }
      ]
    },
    {
      "cell_type": "markdown",
      "source": "Висновок: на практичному занятті 1 я грунтовніше засвоїла матеріали з курсу лінійної алгебри (вектори, матриці, транспоновані, обернені матриці, множення матриць, знаходження середнього гармонічного значення елементів кожного рядка матриці тощо). Також, використала здобуті раніше навички у програмуванні на мові Python.",
      "metadata": {}
    }
  ]
}